2.73019527851680798846700781723484396934509277343750 3.73710434622278198091294143523555248975753784179688 4.56584193582390529542180956923402845859527587890625 5.20654173424910116096953061060048639774322509765625 5.67700702323925465719867133884690701961517333984375 6.01074510298223785298432630952447652816772460937500 6.24175652565858207765359111363068222999572753906250 6.39752851945661671351217592018656432628631591796875 6.49823589948809043903565907385200262069702148437500 6.55821321715924820949794593616388738155364990234375
4.84094598680278043190128300921060144901275634765625 6.63885243978794825636668974766507744789123535156250 8.07866717777358012142485677031800150871276855468750 9.14725769649398579019816679647192358970642089843750 9.89376318671158117012964794412255287170410156250000 10.39203961800576792029460193589329719543457031250000 10.70967428819620792523892305325716733932495117187500 10.89812492716308867102270596660673618316650390625000 10.99401234317033626552984060253947973251342773437500 11.02308256142941900179721415042877197265625000000000
6.74484375859024254395990283228456974029541015625000 9.20539355698297789842854399466887116432189941406250 11.09029615794647938287198485340923070907592773437500 12.41163197355395375609532493399456143379211425781250 13.27669826345792891686414805008098483085632324218750 13.80981808197152282957631541648879647254943847656250 14.11126891466705579603058140492066740989685058593750 14.25223723190110725056456431047990918159484863281250 14.28165036130689102833457582164555788040161132812500 14.23338534718553560765030852053314447402954101562500
0.00000000000000000000000000000000000000000000000000 0.00000000000000000000000000000000000000000000000000 0.00000000000000000000000000000000000000000000000000 0.00000000000000000000000000000000000000000000000000 0.00000000000000000000000000000000000000000000000000 0.00000000000000000000000000000000000000000000000000 0.00000000000000000000000000000000000000000000000000 0.00000000000000000000000000000000000000000000000000 0.00000000000000000000000000000000000000000000000000 0.00000000000000000000000000000000000000000000000000
0.00000000000000000000000000000000000000000000000000 0.00000000000000000000000000000000000000000000000000 0.00000000000000000000000000000000000000000000000000 0.00000000000000000000000000000000000000000000000000 0.00000000000000000000000000000000000000000000000000 0.00000000000000000000000000000000000000000000000000 0.00000000000000000000000000000000000000000000000000 0.00000000000000000000000000000000000000000000000000 0.00000000000000000000000000000000000000000000000000 0.00000000000000000000000000000000000000000000000000
0.00000000000000000000000000000000000000000000000000 0.00000000000000000000000000000000000000000000000000 0.00000000000000000000000000000000000000000000000000 0.00000000000000000000000000000000000000000000000000 0.00000000000000000000000000000000000000000000000000 0.00000000000000000000000000000000000000000000000000 0.00000000000000000000000000000000000000000000000000 0.00000000000000000000000000000000000000000000000000 0.00000000000000000000000000000000000000000000000000 0.00000000000000000000000000000000000000000000000000
0.00000000000000000000000000000000000000000000000000 0.00000000000000000000000000000000000000000000000000 0.00000000000000000000000000000000000000000000000000 0.00000000000000000000000000000000000000000000000000 0.00000000000000000000000000000000000000000000000000 0.00000000000000000000000000000000000000000000000000 0.00000000000000000000000000000000000000000000000000 0.00000000000000000000000000000000000000000000000000 0.00000000000000000000000000000000000000000000000000 0.00000000000000000000000000000000000000000000000000
0.00000000000000000000000000000000000000000000000000 0.00000000000000000000000000000000000000000000000000 0.00000000000000000000000000000000000000000000000000 0.00000000000000000000000000000000000000000000000000 0.00000000000000000000000000000000000000000000000000 0.00000000000000000000000000000000000000000000000000 0.00000000000000000000000000000000000000000000000000 0.00000000000000000000000000000000000000000000000000 0.00000000000000000000000000000000000000000000000000 0.00000000000000000000000000000000000000000000000000
0.00000000000000000000000000000000000000000000000000 0.00000000000000000000000000000000000000000000000000 0.00000000000000000000000000000000000000000000000000 0.00000000000000000000000000000000000000000000000000 0.00000000000000000000000000000000000000000000000000 0.00000000000000000000000000000000000000000000000000 0.00000000000000000000000000000000000000000000000000 0.00000000000000000000000000000000000000000000000000 0.00000000000000000000000000000000000000000000000000 0.00000000000000000000000000000000000000000000000000
0.00000000000000000000000000000000000000000000000000 0.00000000000000000000000000000000000000000000000000 0.00000000000000000000000000000000000000000000000000 0.00000000000000000000000000000000000000000000000000 0.00000000000000000000000000000000000000000000000000 0.00000000000000000000000000000000000000000000000000 0.00000000000000000000000000000000000000000000000000 0.00000000000000000000000000000000000000000000000000 0.00000000000000000000000000000000000000000000000000 0.00000000000000000000000000000000000000000000000000
0.00000000000000000000000000000000000000000000000000 0.00000000000000000000000000000000000000000000000000 0.00000000000000000000000000000000000000000000000000 0.00000000000000000000000000000000000000000000000000 0.00000000000000000000000000000000000000000000000000 0.00000000000000000000000000000000000000000000000000 0.00000000000000000000000000000000000000000000000000 0.00000000000000000000000000000000000000000000000000 0.00000000000000000000000000000000000000000000000000 0.00000000000000000000000000000000000000000000000000
0.00000000000000000000000000000000000000000000000000 0.00000000000000000000000000000000000000000000000000 0.00000000000000000000000000000000000000000000000000 0.00000000000000000000000000000000000000000000000000 0.00000000000000000000000000000000000000000000000000 0.00000000000000000000000000000000000000000000000000 0.00000000000000000000000000000000000000000000000000 0.00000000000000000000000000000000000000000000000000 0.00000000000000000000000000000000000000000000000000 0.00000000000000000000000000000000000000000000000000
0.00000000000000000000000000000000000000000000000000 0.00000000000000000000000000000000000000000000000000 0.00000000000000000000000000000000000000000000000000 0.00000000000000000000000000000000000000000000000000 0.00000000000000000000000000000000000000000000000000 0.00000000000000000000000000000000000000000000000000 0.00000000000000000000000000000000000000000000000000 0.00000000000000000000000000000000000000000000000000 0.00000000000000000000000000000000000000000000000000 0.00000000000000000000000000000000000000000000000000
0.00000000000000000000000000000000000000000000000000 0.00000000000000000000000000000000000000000000000000 0.00000000000000000000000000000000000000000000000000 0.00000000000000000000000000000000000000000000000000 0.00000000000000000000000000000000000000000000000000 0.00000000000000000000000000000000000000000000000000 0.00000000000000000000000000000000000000000000000000 0.00000000000000000000000000000000000000000000000000 0.00000000000000000000000000000000000000000000000000 0.00000000000000000000000000000000000000000000000000
0.00000000000000000000000000000000000000000000000000 0.00000000000000000000000000000000000000000000000000 0.00000000000000000000000000000000000000000000000000 0.00000000000000000000000000000000000000000000000000 0.00000000000000000000000000000000000000000000000000 0.00000000000000000000000000000000000000000000000000 0.00000000000000000000000000000000000000000000000000 0.00000000000000000000000000000000000000000000000000 0.00000000000000000000000000000000000000000000000000 0.00000000000000000000000000000000000000000000000000
0.00000000000000000000000000000000000000000000000000 0.00000000000000000000000000000000000000000000000000 0.00000000000000000000000000000000000000000000000000 0.00000000000000000000000000000000000000000000000000 0.00000000000000000000000000000000000000000000000000 0.00000000000000000000000000000000000000000000000000 0.00000000000000000000000000000000000000000000000000 0.00000000000000000000000000000000000000000000000000 0.00000000000000000000000000000000000000000000000000 0.00000000000000000000000000000000000000000000000000
0.00000000000000000000000000000000000000000000000000 0.00000000000000000000000000000000000000000000000000 0.00000000000000000000000000000000000000000000000000 0.00000000000000000000000000000000000000000000000000 0.00000000000000000000000000000000000000000000000000 0.00000000000000000000000000000000000000000000000000 0.00000000000000000000000000000000000000000000000000 0.00000000000000000000000000000000000000000000000000 0.00000000000000000000000000000000000000000000000000 0.00000000000000000000000000000000000000000000000000
0.00000000000000000000000000000000000000000000000000 0.00000000000000000000000000000000000000000000000000 0.00000000000000000000000000000000000000000000000000 0.00000000000000000000000000000000000000000000000000 0.00000000000000000000000000000000000000000000000000 0.00000000000000000000000000000000000000000000000000 0.00000000000000000000000000000000000000000000000000 0.00000000000000000000000000000000000000000000000000 0.00000000000000000000000000000000000000000000000000 0.00000000000000000000000000000000000000000000000000
0.00000000000000000000000000000000000000000000000000 0.00000000000000000000000000000000000000000000000000 0.00000000000000000000000000000000000000000000000000 0.00000000000000000000000000000000000000000000000000 0.00000000000000000000000000000000000000000000000000 0.00000000000000000000000000000000000000000000000000 0.00000000000000000000000000000000000000000000000000 0.00000000000000000000000000000000000000000000000000 0.00000000000000000000000000000000000000000000000000 0.00000000000000000000000000000000000000000000000000
