1.54492706288097259026415031257783994078636169433594 2.10001231630651297166423319140449166297912597656250 2.55265532110485882100192611687816679477691650390625 2.90070485498389718514999913168139755725860595703125 3.15542151345630461634073071763850748538970947265625 3.33572653518618622570102161262184381484985351562500 3.46036033213855009904591497615911066532135009765625 3.54432616614441853286621153529267758131027221679688 3.59857936418370982778469624463468790054321289062500 3.63087905606918992518217237375210970640182495117188
2.70227922663601427544222133292350918054580688476562 3.67429269866165464364371473493520170450210571289062 4.44714893985897141703844681615009903907775878906250 5.01832111940986091980221317498944699764251708984375 5.41630447157477412645221193088218569755554199218750 5.68152588513159795269302776432596147060394287109375 5.85043011331837359279006705037318170070648193359375 5.95058144515504228166946631972678005695343017578125 6.00152410653245738103578332811594009399414062500000 6.01696626176669990826439970987848937511444091796875
3.73133257756317382458632891939487308263778686523438 5.04934383466632308312682653195224702358245849609375 6.05266645472777042868983699008822441101074218750000 6.75346682709205303751787141663953661918640136718750 7.21130336903943458537469268776476383209228515625000 7.49310869565640125244954106165096163749694824218750 7.65234328345599301712809392483904957771301269531250 7.72677985114988441495142978965304791927337646484375 7.74230896937965784587731832289136946201324462890625 7.71682632267358048494543254491873085498809814453125
4.65872840158616341454944631550461053848266601562500 6.25212903781917717083160823676735162734985351562500 7.40054534902519023376044060569256544113159179687500 8.15096057123199813077008002437651157379150390625000 8.60463993097864943138119997456669807434082031250000 8.85508467169121971096501511055976152420043945312500 8.96959974488487787880330870393663644790649414062500 8.99328350980895940836035151733085513114929199218750 8.95629095916216577677460008999332785606384277343750 8.87914920083384373583612614311277866363525390625000
5.49273188606974116510173189453780651092529296875000 7.29328437401653495442133134929463267326354980468750 8.51367010156595505065979523351415991783142089843750 9.25527951749610089393627276876941323280334472656250 9.66430807431275518126767565263435244560241699218750 9.85657029980069943064791004871949553489685058593750 9.90927786944586586059813271276652812957763671875000 9.87236801113880524383148440392687916755676269531250 9.77857799198688759645392565289512276649475097656250 9.64972172393285276825736218597739934921264648437500
6.23860025453926603233867353992536664009094238281250 8.18399282974503528009790898067876696586608886718750 9.41985003796438569168003596132621169090270996093750 10.11533338911463708598148514283820986747741699218750 10.45800485089284848072566092014312744140625000000000 10.58036737482050249070653080707415938377380371093750 10.56627664726582871423943288391456007957458496093750 10.46863840321886485185132187325507402420043945312500 10.32138101298444965436829079408198595046997070312500 10.14643327561748264997731894254684448242187500000000
6.90164269426815302210798108717426657676696777343750 8.93801594149938161137924907961860299110412597656250 10.14919409587272625117293500807136297225952148437500 10.77723155469192128919075912563130259513854980468750 11.04402141111762070124768797541037201881408691406250 11.09383421446772644003431196324527263641357421875000 11.01482041509334486306670441990718245506286621093750 10.86136890009625943775972700677812099456787109375000 10.66738790771087330710997775895521044731140136718750 10.45395657051010118721023900434374809265136718750000
7.48775081751574322908027170342393219470977783203125 9.57065518738961706901591242058202624320983886718750 10.73049377553302718979466590099036693572998046875000 11.28036494357090546714061929378658533096313476562500 11.46892172307721935453628248069435358047485351562500 11.44855419726414069714337529148906469345092773437500 11.30995759327890404222216602647677063941955566406250 11.10771187935972825755470694275572896003723144531250 10.87467732613295190446933702332898974418640136718750 10.63037503370220093756870483048260211944580078125000
8.00324668370619995982906402787193655967712402343750 10.09733936899257145114461309276521205902099609375000 11.18920572695828319353950064396485686302185058593750 11.65672797404996074988048349041491746902465820312500 11.76875094504282692753349692793563008308410644531250 11.68317982218477801836797880241647362709045410156250 11.49179857498736900822677853284403681755065917968750 11.24823383780953633959143189713358879089355468750000 10.98349493344201732725196052342653274536132812500000 10.71509737335187040230266575235873460769653320312500
8.45458695860834197333133488427847623825073242187500 10.53259690597280240353939007036387920379638671875000 11.54684807454839656770673173014074563980102539062500 11.93173615648836083380501804640516638755798339843750 11.97115357467520624368262360803782939910888671875000 11.82655819422300602639097633073106408119201660156250 11.58951501970995501267225336050614714622497558593750 11.31172821310287446294751134701073169708251953125000 11.02179493922787756332581921014934778213500976562500 10.73500069846495286185472650686278939247131347656250
8.84809870485135618878302921075373888015747070312500 10.88950540887328344297202420420944690704345703125000 11.82118425501578506953137548407539725303649902343750 12.12544553690591442318691406399011611938476562500000 12.09735521759013998632781294872984290122985839843750 11.90029704300925139648370532086119055747985839843750 11.62443119683759817917234613560140132904052734375000 11.31877696342757388947575236670672893524169921875000 11.00918183122887228364561451599001884460449218750000 10.70864439351735697414369496982544660568237304687500
9.18979232413337498996952490415424108505249023437500 11.17950322228474036023726512212306261062622070312500 12.02672637489268403498954285169020295143127441406250 12.25370696815149784697496215812861919403076171875000 12.16374396395937296233569213654845952987670898437500 11.92069050359626913859756314195692539215087890625000 11.61226130868511674520959786605089902877807617187500 11.28424314910238202003256446914747357368469238281250 10.95958047623877007481496548280119895935058593750000 10.64904132270171643881440104451030492782592773437500
9.48524961700720048440871323691681027412414550781250 11.41242172115755337813425285276025533676147460937500 12.17530247633929363360039133112877607345581054687500 12.32911520411188455170758970780298113822937011718750 12.18306282048386890437541296705603599548339843750000 11.90012131697370101335309300338849425315856933593750 11.56469264964531795669699931750074028968811035156250 11.21898270130059316329607099760323762893676757812500 10.88301798925347441127087222412228584289550781250000 10.56546146277802655788491392740979790687561035156250
9.73957058314092627426816761726513504981994628906250 11.59662927818005861979600013000890612602233886718750 12.27657515903958440617316227871924638748168945312500 12.36174588444935373843236448010429739952087402343750 12.16529248549259989431448047980666160583496093750000 11.84807406070357771454837347846478223800659179687500 11.49049999350482487159297306789085268974304199218750 11.13101634487099644843510759528726339340209960937500 10.78681307478552042766750673763453960418701171875000 10.46461046147923745763819169951602816581726074218750
9.95736123583234977729716774774715304374694824218750 11.73921728784992524197150487452745437622070312500000 12.33847543476920449734279827680438756942749023437500 12.35971523467144272956375061767175793647766113281250 12.11830363559772294479444099124521017074584960937500 11.77186858948532410806819825666025280952453613281250 11.39633197126425301348717766813933849334716796875000 11.02633556840808815024956857087090611457824707031250 10.67637590742853070935325376922264695167541503906250 10.35140813364532519358363060746341943740844726562500
10.14274769136879861264333158032968640327453613281250 11.84618938292879875007201917469501495361328125000000 12.36755046571723859472058393293991684913635253906250 12.32960302582907630153385980520397424697875976562500 12.04834145446234039411592675605788826942443847656250 11.67719400041386101918305939761921763420104980468750 11.28726949883882824110514775384217500686645507812500 10.90946162494177151813801174284890294075012207031250 10.55575219025686095619676052592694759368896484375000 10.22950999172746477938744646962732076644897460937500
10.29940559797355348337077884934842586517333984375000 11.92263501994370322734084766125306487083435058593750 12.36923680374173883933508477639406919479370117187500 12.27677346529926794005405099596828222274780273437500 11.96038849397027270526905340375378727912902832031250 11.56850028732943158615853462833911180496215820312500 11.16722564306448539639404771151021122932434082031250 10.78383734721232656283973483368754386901855468750000 10.42799809180868209068648866377770900726318359375000 10.10166208488866246284487715456634759902954101562500
10.43059733324397342357769957743585109710693359375000 11.97288028845013307943645486375316977500915527343750 12.34807363314492789641008130274713039398193359375000 12.20562068653566001330545987002551555633544921875000 11.85843887732420220970652735559269785881042480468750 11.44928797976518985990423971088603138923645019531250 11.03923465071488685396161599783226847648620605468750 10.65210498021621532416247646324336528778076171875000 10.29544224526544837772235041484236717224121093750000 9.96994629431222278981294948607683181762695312500000
10.53921200466745489165987237356603145599365234375000 12.00061496982454301019060949329286813735961914062500 12.30786936029612554932555212872102856636047363281250 12.11975846483766972028206510003656148910522460937500 11.74570737053081792566899821395054459571838378906250 11.32232416557595477968334307661280035972595214843750 10.90566294891034893055348220514133572578430175781250 10.51630557418353362209018087014555931091308593750000 10.15987141935768178768739744555205106735229492187500 9.83595259548881628575145441573113203048706054687500
