0.06105778732556242649476274664266384206712245941162 0.08466795173796222429007940490919281728565692901611 0.10050749940428242712453510421255487017333507537842 0.10944410983378626001094602315788506530225276947021 0.11321048376176484628885532401909586042165756225586 0.11359614286550685779975111699968692846596240997314 0.11207046827478664430266519502765731886029243469238 0.10959927360782935334970744634119910188019275665283 0.10673694633492894490167657295387471094727516174316 0.10377697231461985305500661525002215057611465454102
0.08855956704839672288809282463262206874787807464600 0.11974352964727658088506245803728234022855758666992 0.14181400652795955741325428789423312991857528686523 0.15333164600292500945322160532668931409716606140137 0.15685689257259285978030050046072574332356452941895 0.15585058809306664984184465083671966567635536193848 0.15251086348140990844868269959988538175821304321289 0.14808352546632652657621065372950397431850433349609 0.14325212177075244412982613084750482812523841857910 0.13843090758044873656018580732052214443683624267578
0.09932727271193125817561053736426401883363723754883 0.13298901249658712231394019909203052520751953125000 0.15437724362989602155948887229897081851959228515625 0.16293388909707517964164935619919560849666595458984 0.16388304380526552694874453663942404091358184814453 0.16096066953457902060087292284151772037148475646973 0.15628262495386024966137483716011047363281250000000 0.15093663273946233971400943119078874588012695312500 0.14545668418640458896540224031923571601510047912598 0.14015272090845901087341474067216040566563606262207
0.10391073407942059969588655121697229333221912384033 0.13662412760278963563820298077189363539218902587891 0.15432814508929387775637565027864184230566024780273 0.15930608375174470925372816054732538759708404541016 0.15768449045726629087482706381706520915031433105469 0.15311957086082786383407494668063009157776832580566 0.14743845999662019696785364430979825556278228759766 0.14152815703211965581154174742550821974873542785645 0.13587667038772824334991184969112509861588478088379 0.13068870990309469637402628450217889621853828430176
0.10574974011228648052007628166393260471522808074951 0.13564633292405717246431606781698064878582954406738 0.14904680509786252806669892834179336205124855041504 0.15070712350315629279862150724511593580245971679688 0.14698944669767147197525503088400000706315040588379 0.14125840526594576895824673101742519065737724304199 0.13513274727001400865589175737113691866397857666016 0.12931592354359169871891310776845784857869148254395 0.12403566867002198403913126867337268777191638946533 0.11931177590810654320918615667324047535657882690430
0.10612008037971265572707579849520698189735412597656 0.13235277282762303308061291318153962492942810058594 0.14150177398125407535189879126846790313720703125000 0.14041555514825976302972776466049253940582275390625 0.13531779330328017052487155069684376940131187438965 0.12921961646959406744272769174131099134683609008789 0.12330130881334225301237950134236598387360572814941 0.11791929800507963688183110662066610530018806457520 0.11311704038326100829614517806476214900612831115723 0.10883979810994212633623590136267011985182762145996
0.10559758098512914137323548402491724118590354919434 0.12792461392794204910750011094933142885565757751465 0.13332573352185231319033675845275865867733955383301 0.13028496236935352414754163419274846091866493225098 0.12459201409260460546857274266585591249167919158936 0.11860062348168542989412799215642735362052917480469 0.11304378439296737524077940406641573645174503326416 0.10806894938720489063310736810308299027383327484131 0.10364424265065896868520667339907959103584289550781 0.09969532663050298393336845492740394547581672668457
0.10448844259788341026773395014970446936786174774170 0.12302712109430576081781083530586329288780689239502 0.12543016221238820206984598826238652691245079040527 0.12116817026647590249677222118407371453940868377686 0.11528989611265925974148416344178258441388607025146 0.10951046675199867241889961633205530233681201934814 0.10426496084763496596803378224649350158870220184326 0.09959474987810629231788084325671661645174026489258 0.09543815466429769744927114061283646151423454284668 0.09171713881438817161928511723090196028351783752441
0.10297815936869442188239531787985470145940780639648 0.11803471869536248661791688618905027396976947784424 0.11816368617888413361516342092727427370846271514893 0.11316302536093318653609429702555644325911998748779 0.10725707653442027866841357308658189140260219573975 0.10167281437845769598293799163002404384315013885498 0.09666194698128754980714916200668085366487503051758 0.09220942559310191244392740372859407216310501098633 0.08824119512399919429412875615525990724563598632812 0.08469547044583865258449151269815047271549701690674
0.10119001225143711697462833853933261707425117492676 0.11314539051153675586203206648860941641032695770264 0.11157931348478851429906200110053759999573230743408 0.10612128063857431681249465782457264140248298645020 0.10023902962262054572306624322663992643356323242188 0.09481029223744505407545091202337061986327171325684 0.08997116675576874444963948462827829644083976745605 0.08568384090097641569983011322619859129190444946289 0.08189794246385269371746318256555241532623767852783 0.07854531999669379926931611635154695250093936920166
0.09921087372803218118466617170270183123648166656494 0.10845339268420120526492667067941511049866676330566 0.10561984431974079379212838603052659891545772552490 0.09986558875592831119316628019078052602708339691162 0.09401907361856261247101684830340673215687274932861 0.08870931661932691947303197821383946575224399566650 0.08402072056248185982774145941220922395586967468262 0.07992179843556955487482440503299585543572902679443 0.07632844539772434822033631007798248901963233947754 0.07315318721499425302923214076145086437463760375977
0.09710401626468055658047973111024475656449794769287 0.10399545524705286481115251717710634693503379821777 0.10020157724417393108051754779808106832206249237061 0.09424541051658892609754758495910209603607654571533 0.08843331863887060606543855101335793733596801757812 0.08324796633495996911467074141910416074097156524658 0.07874266239143648538068021025537746027112007141113 0.07483151398276202681536517502536298707127571105957 0.07140829756010885764894169369654264301061630249023 0.06838053925834998436616984918146044947206974029541
0.09491627815470234097450230592585285194218158721924 0.09977819396640584537205853621344431303441524505615 0.09524395842762763131350567391564254648983478546143 0.08914295607575971336355991070377058349549770355225 0.08339184002480243274035842659941408783197402954102 0.07837052876602543238782061507663456723093986511230 0.07404573944705972188273790379753336310386657714844 0.07029896725379168598291101943686953745782375335693 0.06701673980781282236041107580604148097336292266846 0.06410764525118552159543838797617354430258274078369
0.09268253539356979819885395954770501703023910522461 0.09579343688527901246043683158859494142234325408936 0.09067768008686344360924636021081823855638504028320 0.08448737018560344147477536580481682904064655303955 0.07885149324974360940387896334868855774402618408203 0.07399741692582952057311018734253593720495700836182 0.06983216135229886045721059417701326310634613037109 0.06622253595664052971958568605259642936289310455322 0.06305460128353239379617178883563610725104808807373 0.06024013759380320714997836262227792758494615554810
0.09042874039200375635427775478092371486127376556396 0.09202644915791678703609335343571729026734828948975 0.08645096471249331948616401177787338383495807647705 0.08025060085269294929410932581959059461951255798340 0.07474931494819556099251656178239500150084495544434 0.07004746416133232622680537815540446899831295013428 0.06601728325498713856323007576065720058977603912354 0.06252012185072693128962129094361444003880023956299 0.05944433233326876925284310004826693329960107803345 0.05670537267072679743495910997808095999062061309814
0.08817490820907812609785736412959522567689418792725 0.08846069490610726504531413638687808997929096221924 0.08254778901635478893794584109855350106954574584961 0.07638950971306018855599972994241397827863693237305 0.07102013413645322237321977354440605267882347106934 0.06645041183808836349200532822578679770231246948242 0.06253267978087834189082627744937781244516372680664 0.05912731557511410190874912018443865235894918441772 0.05612589181457539044828308760770596563816070556641 0.05344900727887886421330065900292538572102785110474
0.08594103732055864697247926642376114614307880401611 0.08509195780837360001402913667334360070526599884033 0.07894828085188609900768597071873955428600311279297 0.07285535476127311116378848510066745802760124206543 0.06760622658703901999288632396201137453317642211914 0.06314881413779155350241012456535827368497848510742 0.05932417019343312614143570726810139603912830352783 0.05599377859024935039089498900466423947364091873169 0.05305641699752896428554649332909320946782827377319 0.05049107355832214982793715307707316242158412933350
0.08374382824851375750618842630501603707671165466309 0.08192231885935238877571862303739180788397789001465 0.07562280904140558646098213557706912979483604431152 0.06960257059802749113330833097279537469148635864258 0.06445935314922458803099658553037443198263645172119 0.06009656182696945098120622219539654906839132308960 0.05634892607517865553701241765338636469095945358276 0.05308356964312137965533722194777510594576597213745 0.05026735889290363107351211624518327880650758743286 0.04787788474244981246075170133735809940844774246216
0.08159496284518520659023721464109257794916629791260 0.07894446165222269995442871959312469698488712310791 0.07254001017119346417239000857080100104212760925293 0.06659158566479451979436277042623260058462619781494 0.06154005577975516644295694845823163632303476333618 0.05725672708998686549763945663471531588584184646606 0.05357402181326282458728726965091482270509004592896 0.05042583377413076273221292922244174405932426452637 0.04779289750808795450565114037999592255800962448120 0.04558312791297646632271423072779725771397352218628
